51
61
1
2
0.02
2
3
0.0166667
-3.55271e-15
-0.019992
-0.039936
-0.059784
-0.079488
-0.099
-0.118272
-0.137256
-0.155904
-0.174168
-0.192
-0.209352
-0.226176
-0.242424
-0.258048
-0.273
-0.287232
-0.300696
-0.313344
-0.325128
-0.336
-0.345912
-0.354816
-0.362664
-0.369408
-0.375
-0.379392
-0.382536
-0.384384
-0.384888
-0.384
-0.381672
-0.377856
-0.372504
-0.365568
-0.357
-0.346752
-0.334776
-0.321024
-0.305448
-0.288
-0.268632
-0.247296
-0.223944
-0.198528
-0.171
-0.141312
-0.109416
-0.075264
-0.038808
-1.06581e-14
-0.0163889
-0.0341213
-0.0521674
-0.0703284
-0.0884911
-0.106574
-0.12451
-0.142237
-0.1597
-0.176844
-0.193618
-0.20997
-0.22585
-0.24121
-0.256
-0.270173
-0.283681
-0.296476
-0.308512
-0.319743
-0.330121
-0.339602
-0.348139
-0.355687
-0.362203
-0.36764
-0.371956
-0.375107
-0.377049
-0.37774
-0.377139
-0.375204
-0.371894
-0.367171
-0.360996
-0.353332
-0.344143
-0.333395
-0.321057
-0.307101
-0.291499
-0.274233
-0.255286
-0.234654
-0.21234
-0.188369
-0.162791
-0.135709
-0.10732
-0.078042
-0.0488935
-0.0322222
-0.0480327
-0.0643191
-0.0808714
-0.0975496
-0.114251
-0.130892
-0.147402
-0.163717
-0.179778
-0.195528
-0.210915
-0.225886
-0.240391
-0.254381
-0.267808
-0.280624
-0.292783
-0.30424
-0.314949
-0.324866
-0.333946
-0.342148
-0.349428
-0.355746
-0.361059
-0.365329
-0.368516
-0.370582
-0.37149
-0.371204
-0.36969
-0.366914
-0.362847
-0.357459
-0.350723
-0.342616
-0.333119
-0.322215
-0.309895
-0.296155
-0.281
-0.264448
-0.24653
-0.227303
-0.206852
-0.185315
-0.16291
-0.139994
-0.117186
-0.0955926
-0.0475
-0.0616135
-0.0762861
-0.0913271
-0.106592
-0.121969
-0.137365
-0.152702
-0.167911
-0.182927
-0.197691
-0.212148
-0.226245
-0.23993
-0.253153
-0.265867
-0.278024
-0.289579
-0.300487
-0.310705
-0.320191
-0.328901
-0.336797
-0.343838
-0.349986
-0.355204
-0.359455
-0.362704
-0.36492
-0.366069
-0.366122
-0.365051
-0.362832
-0.35944
-0.354857
-0.349066
-0.342056
-0.333819
-0.324357
-0.313676
-0.301793
-0.288738
-0.274557
-0.259317
-0.243115
-0.226091
-0.208443
-0.190465
-0.172593
-0.155486
-0.140125
-0.0622222
-0.0748062
-0.0879971
-0.101627
-0.115557
-0.129673
-0.143879
-0.158092
-0.172238
-0.18625
-0.200068
-0.213633
-0.22689
-0.239789
-0.252279
-0.264312
-0.275841
-0.286823
-0.297214
-0.306971
-0.316054
-0.324423
-0.33204
-0.338868
-0.344872
-0.350019
-0.354275
-0.357611
-0.359998
-0.361409
-0.36182
-0.361211
-0.359563
-0.356861
-0.353094
-0.348256
-0.342346
-0.335371
-0.327345
-0.318291
-0.308245
-0.297258
-0.285402
-0.272772
-0.259499
-0.245761
-0.2318
-0.217947
-0.204662
-0.192574
-0.182519
-0.0763889
-0.0875772
-0.0994033
-0.111719
-0.124393
-0.137315
-0.150388
-0.163528
-0.176658
-0.189709
-0.20262
-0.21533
-0.227785
-0.239932
-0.251722
-0.263106
-0.27404
-0.284479
-0.29438
-0.303705
-0.312412
-0.320466
-0.32783
-0.33447
-0.340354
-0.345452
-0.349735
-0.353176
-0.355753
-0.357443
-0.358228
-0.358093
-0.357026
-0.355021
-0.352074
-0.348189
-0.343377
-0.337653
-0.331046
-0.323594
-0.31535
-0.306382
-0.296784
-0.286673
-0.276207
-0.265587
-0.255081
-0.245034
-0.235898
-0.228251
-0.222801
-0.09
-0.0999053
-0.11047
-0.12156
-0.133057
-0.144853
-0.156852
-0.16897
-0.181132
-0.193266
-0.205311
-0.217205
-0.228893
-0.240324
-0.251446
-0.262214
-0.272582
-0.282507
-0.291948
-0.300866
-0.309225
-0.316988
-0.324123
-0.330597
-0.336383
-0.341452
-0.345779
-0.349343
-0.352124
-0.354105
-0.355274
-0.355621
-0.355141
-0.353834
-0.351706
-0.348768
-0.345039
-0.340549
-0.335335
-0.329449
-0.322957
-0.315945
-0.308521
-0.300821
-0.29302
-0.285335
-0.278043
-0.271488
-0.266101
-0.262402
-0.261
-0.103056
-0.111776
-0.121171
-0.13112
-0.141513
-0.152248
-0.163233
-0.174383
-0.185624
-0.196887
-0.208106
-0.219222
-0.230181
-0.240929
-0.251417
-0.261599
-0.271431
-0.280871
-0.289878
-0.298417
-0.306451
-0.313947
-0.320874
-0.327203
-0.332909
-0.337966
-0.342353
-0.346053
-0.34905
-0.351332
-0.352891
-0.353723
-0.35383
-0.353218
-0.3519
-0.349895
-0.347231
-0.343947
-0.34009
-0.335724
-0.330926
-0.325794
-0.320449
-0.31504
-0.309752
-0.304811
-0.300492
-0.297132
-0.295131
-0.294959
-0.297144
-0.115556
-0.123177
-0.131486
-0.140372
-0.149733
-0.15947
-0.169498
-0.179733
-0.190102
-0.200536
-0.210972
-0.22135
-0.231614
-0.241714
-0.251601
-0.261228
-0.270553
-0.279534
-0.288135
-0.296318
-0.30405
-0.311301
-0.31804
-0.324243
-0.329885
-0.334945
-0.339405
-0.343252
-0.346473
-0.349061
-0.351012
-0.35233
-0.353019
-0.353093
-0.352571
-0.351479
-0.349855
-0.347742
-0.345199
-0.342298
-0.339126
-0.33579
-0.332421
-0.329176
-0.326244
-0.323854
-0.322276
-0.321831
-0.322891
-0.325879
-0.331259
-0.1275
-0.134102
-0.141401
-0.149295
-0.157689
-0.166492
-0.175618
-0.18499
-0.194535
-0.204185
-0.213878
-0.223555
-0.233162
-0.242648
-0.251964
-0.261067
-0.269913
-0.278463
-0.286681
-0.294532
-0.301985
-0.309009
-0.31558
-0.321672
-0.327264
-0.33234
-0.336884
-0.340884
-0.344335
-0.347231
-0.349575
-0.351372
-0.352635
-0.353382
-0.353637
-0.353435
-0.352817
-0.351836
-0.350558
-0.34906
-0.34744
-0.34581
-0.344307
-0.343094
-0.34236
-0.342332
-0.343273
-0.345485
-0.349313
-0.355139
-0.363375
-0.138889
-0.144543
-0.150902
-0.157871
-0.165362
-0.173288
-0.181568
-0.190127
-0.198895
-0.207805
-0.216796
-0.22581
-0.234795
-0.243699
-0.252477
-0.261083
-0.269478
-0.277623
-0.285482
-0.293023
-0.300216
-0.307034
-0.313451
-0.319447
-0.325003
-0.330105
-0.334739
-0.3389
-0.342581
-0.345785
-0.348516
-0.350786
-0.35261
-0.354011
-0.355021
-0.355678
-0.35603
-0.356136
-0.356068
-0.355909
-0.35576
-0.355742
-0.355993
-0.356678
-0.357986
-0.360139
-0.363387
-0.368017
-0.374347
-0.382724
-0.393519
-0.149722
-0.154495
-0.159978
-0.166086
-0.172733
-0.179838
-0.187325
-0.19512
-0.203156
-0.211368
-0.219696
-0.228085
-0.236482
-0.244838
-0.253107
-0.261247
-0.269217
-0.276981
-0.284504
-0.291756
-0.298708
-0.305335
-0.311615
-0.317528
-0.323058
-0.328193
-0.332925
-0.337247
-0.34116
-0.344667
-0.347779
-0.350508
-0.352877
-0.354913
-0.356651
-0.358134
-0.359415
-0.360559
-0.36164
-0.362749
-0.363991
-0.365486
-0.367378
-0.369829
-0.373026
-0.377184
-0.382542
-0.389369
-0.397959
-0.40863
-0.421718
-0.16
-0.163952
-0.168621
-0.173925
-0.179785
-0.186123
-0.192866
-0.199945
-0.207294
-0.21485
-0.222555
-0.230355
-0.238199
-0.246038
-0.253828
-0.261528
-0.269099
-0.276505
-0.283714
-0.290697
-0.297426
-0.303879
-0.310034
-0.315875
-0.321388
-0.326563
-0.331394
-0.335879
-0.34002
-0.343825
-0.347306
-0.350482
-0.353377
-0.356022
-0.358457
-0.360729
-0.362895
-0.365024
-0.367194
-0.369498
-0.372044
-0.374956
-0.378374
-0.382461
-0.387399
-0.393395
-0.400676
-0.409496
-0.420126
-0.432859
-0.448
-0.169722
-0.172912
-0.176823
-0.181379
-0.186505
-0.192127
-0.198175
-0.204584
-0.211288
-0.218228
-0.225348
-0.232595
-0.239918
-0.247272
-0.254612
-0.261899
-0.269095
-0.276167
-0.283082
-0.289814
-0.296336
-0.302628
-0.308671
-0.314449
-0.319952
-0.325171
-0.330103
-0.334749
-0.339113
-0.343207
-0.347046
-0.35065
-0.354049
-0.357277
-0.360376
-0.363397
-0.366402
-0.36946
-0.372655
-0.37608
-0.379844
-0.384073
-0.388906
-0.394502
-0.401038
-0.408713
-0.417743
-0.428365
-0.440833
-0.455416
-0.472394
-0.178889
-0.18137
-0.184577
-0.188437
-0.19288
-0.197834
-0.203235
-0.209016
-0.215118
-0.221482
-0.228054
-0.234781
-0.241617
-0.248515
-0.255433
-0.262333
-0.269178
-0.275936
-0.282578
-0.289076
-0.295407
-0.301551
-0.307491
-0.313215
-0.318712
-0.323978
-0.329011
-0.333814
-0.338395
-0.342767
-0.346948
-0.350962
-0.35484
-0.358621
-0.362349
-0.366078
-0.369871
-0.373802
-0.377955
-0.382425
-0.387322
-0.39277
-0.398908
-0.405889
-0.413887
-0.42309
-0.433705
-0.445952
-0.460071
-0.47631
-0.494926
-0.1875
-0.189324
-0.191877
-0.195091
-0.198899
-0.203232
-0.208029
-0.213226
-0.218766
-0.224591
-0.23065
-0.236893
-0.243272
-0.249743
-0.256267
-0.262804
-0.269322
-0.275787
-0.282173
-0.288454
-0.294607
-0.300615
-0.306462
-0.312138
-0.317634
-0.322948
-0.328079
-0.333034
-0.337822
-0.342459
-0.346965
-0.351368
-0.3557
-0.360001
-0.364321
-0.368714
-0.373245
-0.37799
-0.383034
-0.388474
-0.394418
-0.400989
-0.408323
-0.416572
-0.425899
-0.436487
-0.448531
-0.462241
-0.477837
-0.495552
-0.515625
-0.195556
-0.19677
-0.198718
-0.201334
-0.204552
-0.208309
-0.212544
-0.217199
-0.222215
-0.227539
-0.23312
-0.238909
-0.244862
-0.250936
-0.25709
-0.26329
-0.269501
-0.275694
-0.281841
-0.28792
-0.293908
-0.29979
-0.305553
-0.311185
-0.316683
-0.322043
-0.32727
-0.332369
-0.337354
-0.342242
-0.347055
-0.351823
-0.35658
-0.36137
-0.366242
-0.371253
-0.376471
-0.381971
-0.387839
-0.394172
-0.401078
-0.408678
-0.417105
-0.426504
-0.437036
-0.448873
-0.462202
-0.477219
-0.494132
-0.513158
-0.534519
-0.203056
-0.203708
-0.205096
-0.207157
-0.20983
-0.213054
-0.216769
-0.220919
-0.22545
-0.230308
-0.235445
-0.240813
-0.246369
-0.252072
-0.257883
-0.263767
-0.269693
-0.275632
-0.281558
-0.287448
-0.293283
-0.299049
-0.304733
-0.310327
-0.315826
-0.321232
-0.326549
-0.331785
-0.336954
-0.342076
-0.347176
-0.352284
-0.357438
-0.362681
-0.368065
-0.373649
-0.3795
-0.385696
-0.392321
-0.399472
-0.407257
-0.415793
-0.42521
-0.43565
-0.447266
-0.460224
-0.474699
-0.490879
-0.508959
-0.529142
-0.551634
-0.21
-0.210133
-0.211006
-0.212557
-0.214727
-0.217457
-0.220692
-0.224376
-0.228457
-0.232884
-0.237608
-0.242586
-0.247774
-0.253132
-0.258624
-0.264216
-0.269877
-0.275579
-0.281299
-0.287014
-0.292707
-0.298364
-0.303975
-0.309533
-0.315035
-0.320483
-0.325883
-0.331246
-0.336587
-0.341926
-0.347292
-0.352715
-0.358234
-0.363895
-0.36975
-0.37586
-0.382291
-0.389122
-0.396437
-0.404333
-0.412914
-0.422296
-0.432605
-0.443979
-0.456564
-0.47052
-0.486013
-0.503221
-0.522327
-0.543522
-0.567
-0.216389
-0.216046
-0.216444
-0.217526
-0.219233
-0.221511
-0.224303
-0.227558
-0.231224
-0.235252
-0.239596
-0.244213
-0.24906
-0.2541
-0.259296
-0.264617
-0.270032
-0.275515
-0.281043
-0.286595
-0.292156
-0.297712
-0.303255
-0.308778
-0.314282
-0.319768
-0.325244
-0.330722
-0.33622
-0.341759
-0.347367
-0.353078
-0.358932
-0.364974
-0.371259
-0.377846
-0.384805
-0.392211
-0.400151
-0.408717
-0.418014
-0.428155
-0.439261
-0.451466
-0.464912
-0.479749
-0.496137
-0.514244
-0.534244
-0.556316
-0.580644
-0.222222
-0.221443
-0.221408
-0.22206
-0.223344
-0.225206
-0.227593
-0.230454
-0.233739
-0.237401
-0.241395
-0.245679
-0.250213
-0.254959
-0.259882
-0.264952
-0.270139
-0.275419
-0.280769
-0.28617
-0.291608
-0.29707
-0.302548
-0.308038
-0.31354
-0.319059
-0.324603
-0.330185
-0.335824
-0.341543
-0.347371
-0.353342
-0.359498
-0.365885
-0.372557
-0.379575
-0.387008
-0.394931
-0.403429
-0.412595
-0.422529
-0.433343
-0.445154
-0.458092
-0.472292
-0.4879
-0.505067
-0.523953
-0.544722
-0.567544
-0.592593
-0.2275
-0.226325
-0.225894
-0.226155
-0.227053
-0.228536
-0.230553
-0.233055
-0.235992
-0.239319
-0.242993
-0.246973
-0.251218
-0.255694
-0.260366
-0.265205
-0.270183
-0.275275
-0.28046
-0.285721
-0.291043
-0.296415
-0.301832
-0.307289
-0.312787
-0.318333
-0.323935
-0.329609
-0.335373
-0.341252
-0.347275
-0.353479
-0.359904
-0.366598
-0.373615
-0.381016
-0.38887
-0.397251
-0.406243
-0.415938
-0.426433
-0.437838
-0.450266
-0.463841
-0.478696
-0.494968
-0.512803
-0.532353
-0.553774
-0.577227
-0.602875
-0.232222
-0.230688
-0.2299
-0.229807
-0.230356
-0.231496
-0.233178
-0.235353
-0.237974
-0.240997
-0.244379
-0.248081
-0.252064
-0.256293
-0.260735
-0.265362
-0.270147
-0.275065
-0.280098
-0.285229
-0.290443
-0.295731
-0.301088
-0.306511
-0.312002
-0.317567
-0.323218
-0.32897
-0.334842
-0.34086
-0.347054
-0.353461
-0.360123
-0.367086
-0.374406
-0.382143
-0.390365
-0.399147
-0.40857
-0.418725
-0.429707
-0.441621
-0.45458
-0.468703
-0.484115
-0.500951
-0.519349
-0.539454
-0.561415
-0.585385
-0.611519
-0.236389
-0.234533
-0.233424
-0.233013
-0.233248
-0.23408
-0.23546
-0.23734
-0.239677
-0.242425
-0.245544
-0.248994
-0.252738
-0.256743
-0.260976
-0.26541
-0.270017
-0.274777
-0.279669
-0.284678
-0.289791
-0.294999
-0.300298
-0.305685
-0.311164
-0.316743
-0.322431
-0.328247
-0.334209
-0.340346
-0.346686
-0.353267
-0.360131
-0.367327
-0.374907
-0.382933
-0.391472
-0.400598
-0.41039
-0.420937
-0.432333
-0.44468
-0.458086
-0.472668
-0.488546
-0.505849
-0.524709
-0.545266
-0.567661
-0.592041
-0.618551
-0.24
-0.237857
-0.236464
-0.23577
-0.235726
-0.236283
-0.237393
-0.239012
-0.241093
-0.243596
-0.246478
-0.249702
-0.253232
-0.257034
-0.261078
-0.265336
-0.269782
-0.274396
-0.279159
-0.284055
-0.289073
-0.294205
-0.299446
-0.304796
-0.310258
-0.315841
-0.321557
-0.327421
-0.333457
-0.339689
-0.34615
-0.352877
-0.359911
-0.3673
-0.375099
-0.383368
-0.392172
-0.401585
-0.411685
-0.422559
-0.434298
-0.447003
-0.460777
-0.475733
-0.491987
-0.509665
-0.528892
-0.549802
-0.57253
-0.597216
-0.624
-0.243056
-0.240662
-0.239018
-0.238076
-0.237786
-0.238101
-0.238975
-0.240361
-0.242218
-0.244502
-0.247175
-0.250198
-0.253536
-0.257158
-0.261031
-0.265131
-0.269431
-0.273913
-0.278556
-0.283348
-0.288276
-0.293334
-0.298518
-0.303828
-0.309269
-0.314848
-0.320578
-0.326477
-0.332567
-0.338874
-0.34543
-0.352272
-0.359443
-0.366989
-0.374965
-0.38343
-0.392449
-0.402095
-0.412443
-0.42358
-0.435594
-0.448582
-0.462647
-0.477895
-0.494441
-0.512404
-0.531906
-0.553074
-0.576039
-0.600934
-0.627894
-0.245556
-0.242945
-0.241085
-0.239928
-0.239425
-0.239531
-0.240199
-0.241385
-0.243045
-0.245139
-0.247628
-0.250475
-0.253645
-0.257105
-0.260828
-0.264786
-0.268955
-0.273316
-0.27785
-0.282545
-0.287389
-0.292376
-0.297503
-0.30277
-0.308183
-0.313749
-0.319483
-0.325401
-0.331527
-0.337886
-0.344512
-0.35144
-0.358714
-0.36638
-0.374491
-0.383107
-0.392292
-0.402116
-0.412655
-0.423991
-0.436213
-0.449415
-0.463694
-0.479156
-0.495912
-0.514074
-0.533763
-0.555099
-0.578208
-0.603219
-0.630259
-0.2475
-0.244706
-0.242663
-0.241325
-0.240643
-0.240571
-0.241064
-0.242078
-0.243571
-0.245502
-0.247833
-0.250527
-0.25355
-0.256871
-0.260461
-0.264294
-0.268346
-0.272598
-0.277034
-0.281639
-0.286403
-0.291322
-0.29639
-0.301611
-0.30699
-0.312534
-0.318259
-0.324181
-0.330324
-0.336714
-0.343383
-0.350369
-0.357712
-0.365461
-0.373667
-0.382389
-0.39169
-0.40164
-0.412312
-0.423788
-0.436153
-0.449498
-0.46392
-0.47952
-0.496405
-0.514685
-0.534475
-0.555892
-0.579057
-0.604094
-0.631125
-0.248889
-0.245945
-0.243753
-0.242265
-0.241436
-0.241218
-0.241566
-0.242439
-0.243792
-0.245587
-0.247786
-0.250351
-0.25325
-0.256451
-0.259926
-0.263649
-0.267598
-0.271754
-0.276099
-0.280621
-0.285311
-0.290162
-0.295172
-0.300343
-0.305681
-0.311194
-0.316897
-0.322808
-0.328949
-0.335347
-0.342035
-0.349048
-0.356429
-0.364224
-0.372485
-0.381269
-0.390639
-0.400662
-0.411412
-0.422967
-0.435411
-0.448833
-0.463327
-0.478992
-0.495929
-0.514247
-0.534057
-0.555471
-0.578607
-0.603583
-0.630519
-0.249722
-0.246662
-0.244353
-0.242749
-0.241804
-0.241471
-0.241705
-0.242465
-0.243707
-0.245393
-0.247483
-0.249943
-0.252739
-0.25584
-0.259218
-0.262848
-0.266707
-0.270777
-0.275041
-0.279487
-0.284106
-0.288892
-0.293842
-0.29896
-0.30425
-0.309723
-0.315392
-0.321275
-0.327395
-0.33378
-0.34046
-0.347473
-0.354858
-0.362664
-0.37094
-0.379742
-0.389134
-0.39918
-0.409953
-0.421529
-0.433991
-0.447425
-0.461922
-0.477579
-0.494495
-0.512774
-0.532524
-0.553855
-0.57688
-0.601712
-0.628468
-0.25
-0.246856
-0.244463
-0.242775
-0.241746
-0.241329
-0.24148
-0.242156
-0.243314
-0.244916
-0.246924
-0.249301
-0.252016
-0.255036
-0.258335
-0.261887
-0.26567
-0.269665
-0.273857
-0.278234
-0.282785
-0.287507
-0.292396
-0.297456
-0.302693
-0.308115
-0.313737
-0.319577
-0.325659
-0.332007
-0.338655
-0.345638
-0.352996
-0.360776
-0.369028
-0.377807
-0.387174
-0.397193
-0.407936
-0.419476
-0.431895
-0.445278
-0.459712
-0.475291
-0.492114
-0.51028
-0.529894
-0.551063
-0.573896
-0.598505
-0.625
-0.249722
-0.246527
-0.244083
-0.242344
-0.241262
-0.240793
-0.24089
-0.24151
-0.242613
-0.244158
-0.246108
-0.248426
-0.25108
-0.254039
-0.257276
-0.260765
-0.264485
-0.268417
-0.272545
-0.276858
-0.281346
-0.286005
-0.290832
-0.295831
-0.301006
-0.306368
-0.311931
-0.317713
-0.323736
-0.330027
-0.336617
-0.343542
-0.350842
-0.358561
-0.366751
-0.375464
-0.38476
-0.394704
-0.405364
-0.416813
-0.429131
-0.4424
-0.456706
-0.472141
-0.488799
-0.50678
-0.526184
-0.547115
-0.56968
-0.593987
-0.620144
-0.248889
-0.245676
-0.243214
-0.241456
-0.240354
-0.239862
-0.239935
-0.24053
-0.241605
-0.243119
-0.245035
-0.247317
-0.249932
-0.252849
-0.256041
-0.259483
-0.263153
-0.267032
-0.271105
-0.275361
-0.279789
-0.284386
-0.289149
-0.294082
-0.299189
-0.304482
-0.309973
-0.31568
-0.321627
-0.327839
-0.334347
-0.341186
-0.348395
-0.35602
-0.364109
-0.372715
-0.381897
-0.391717
-0.402244
-0.413548
-0.425707
-0.438801
-0.452916
-0.46814
-0.484567
-0.502292
-0.521413
-0.542033
-0.564255
-0.588184
-0.613926
-0.2475
-0.244303
-0.241856
-0.240111
-0.239021
-0.238539
-0.238619
-0.239217
-0.240291
-0.241801
-0.243708
-0.245977
-0.248574
-0.251468
-0.254633
-0.258042
-0.261675
-0.265512
-0.269539
-0.273743
-0.278115
-0.282651
-0.287349
-0.292212
-0.297244
-0.302457
-0.307864
-0.313482
-0.319334
-0.325445
-0.331846
-0.338572
-0.345661
-0.353157
-0.361108
-0.369567
-0.378591
-0.388241
-0.398583
-0.409689
-0.421633
-0.434494
-0.448356
-0.463305
-0.479433
-0.496833
-0.515602
-0.535838
-0.557644
-0.581122
-0.606375
-0.245556
-0.242408
-0.240009
-0.238312
-0.237266
-0.236825
-0.236942
-0.237573
-0.238675
-0.240207
-0.24213
-0.244409
-0.247009
-0.2499
-0.253054
-0.256447
-0.260055
-0.263861
-0.267849
-0.272008
-0.276327
-0.280804
-0.285435
-0.290223
-0.295174
-0.300298
-0.305608
-0.311122
-0.316861
-0.32285
-0.329121
-0.335706
-0.342644
-0.349978
-0.357755
-0.366027
-0.374849
-0.384283
-0.394392
-0.405248
-0.416921
-0.429492
-0.44304
-0.457652
-0.473416
-0.490424
-0.508771
-0.528554
-0.549872
-0.572827
-0.597519
-0.243056
-0.239992
-0.237676
-0.236059
-0.23509
-0.234722
-0.234908
-0.235601
-0.236759
-0.23834
-0.240305
-0.242617
-0.245242
-0.248149
-0.251311
-0.254701
-0.258298
-0.262083
-0.266042
-0.27016
-0.274431
-0.278849
-0.283411
-0.288121
-0.292984
-0.29801
-0.303211
-0.308605
-0.314213
-0.32006
-0.326176
-0.332594
-0.339352
-0.346491
-0.354058
-0.362104
-0.370683
-0.379856
-0.389684
-0.400238
-0.411588
-0.42381
-0.436986
-0.451199
-0.466535
-0.483085
-0.500943
-0.520204
-0.540964
-0.563325
-0.587384
-0.24
-0.237055
-0.234857
-0.233355
-0.232497
-0.232235
-0.232521
-0.233307
-0.23455
-0.236207
-0.238238
-0.240607
-0.243279
-0.246222
-0.249408
-0.252811
-0.25641
-0.260186
-0.264122
-0.268207
-0.272433
-0.276793
-0.281286
-0.285913
-0.290682
-0.295599
-0.30068
-0.305939
-0.311399
-0.317084
-0.323022
-0.329247
-0.335795
-0.342707
-0.350029
-0.357811
-0.366106
-0.374972
-0.384473
-0.394675
-0.405648
-0.417467
-0.430212
-0.443965
-0.458811
-0.474839
-0.492141
-0.510811
-0.530946
-0.552643
-0.576
-0.236389
-0.233599
-0.231554
-0.230202
-0.22949
-0.229368
-0.229785
-0.230695
-0.232052
-0.233813
-0.235937
-0.238387
-0.241127
-0.244125
-0.247353
-0.250786
-0.254399
-0.258176
-0.262099
-0.266157
-0.270341
-0.274644
-0.279066
-0.283608
-0.288275
-0.293076
-0.298024
-0.303135
-0.308429
-0.313932
-0.319669
-0.325675
-0.331985
-0.338638
-0.345681
-0.353161
-0.361131
-0.369649
-0.378775
-0.388576
-0.39912
-0.410482
-0.422739
-0.435972
-0.450265
-0.465707
-0.482388
-0.500402
-0.519842
-0.540807
-0.563394
-0.232222
-0.229624
-0.22777
-0.226604
-0.226073
-0.226124
-0.226707
-0.227773
-0.229274
-0.231167
-0.23341
-0.235964
-0.238795
-0.241869
-0.245157
-0.248634
-0.252276
-0.256064
-0.259983
-0.26402
-0.268165
-0.272414
-0.276763
-0.281215
-0.285775
-0.290451
-0.295255
-0.300203
-0.305315
-0.310615
-0.31613
-0.321892
-0.327935
-0.3343
-0.341029
-0.348171
-0.355776
-0.363902
-0.372609
-0.38196
-0.392025
-0.402875
-0.414587
-0.427242
-0.440922
-0.455715
-0.471711
-0.489001
-0.507681
-0.527846
-0.549593
-0.2275
-0.225132
-0.223506
-0.222564
-0.222251
-0.222512
-0.223294
-0.224547
-0.226223
-0.228277
-0.230666
-0.23335
-0.236294
-0.239464
-0.24283
-0.246366
-0.25005
-0.253862
-0.257785
-0.261806
-0.265918
-0.270113
-0.274389
-0.278748
-0.283194
-0.287736
-0.292385
-0.297157
-0.302071
-0.30715
-0.31242
-0.317913
-0.323663
-0.329708
-0.336091
-0.342858
-0.35006
-0.357753
-0.365995
-0.374849
-0.384383
-0.394669
-0.405781
-0.4178
-0.430806
-0.444888
-0.460134
-0.476636
-0.494488
-0.513785
-0.534625
-0.222222
-0.220125
-0.218766
-0.218087
-0.218029
-0.218536
-0.219553
-0.221027
-0.22291
-0.225154
-0.227716
-0.230555
-0.233635
-0.236922
-0.240384
-0.243997
-0.247736
-0.251582
-0.255517
-0.259531
-0.263612
-0.267755
-0.271957
-0.27622
-0.280547
-0.284947
-0.28943
-0.294012
-0.298712
-0.303551
-0.308556
-0.313756
-0.319185
-0.324881
-0.330885
-0.337243
-0.344004
-0.351222
-0.358955
-0.367266
-0.376221
-0.385889
-0.396346
-0.407671
-0.419944
-0.433253
-0.447685
-0.463333
-0.480291
-0.498654
-0.518519
-0.216389
-0.214604
-0.213554
-0.213178
-0.213415
-0.214205
-0.215493
-0.217223
-0.219345
-0.22181
-0.224573
-0.227594
-0.230833
-0.234257
-0.237835
-0.241539
-0.245347
-0.249239
-0.253196
-0.257208
-0.261263
-0.265356
-0.269484
-0.273647
-0.27785
-0.282099
-0.286407
-0.290786
-0.295256
-0.299837
-0.304556
-0.30944
-0.314523
-0.319841
-0.325434
-0.331348
-0.33763
-0.344333
-0.351515
-0.359236
-0.367562
-0.376561
-0.386309
-0.396883
-0.408363
-0.420837
-0.434393
-0.449121
-0.465118
-0.482479
-0.501301
-0.21
-0.20857
-0.207872
-0.207842
-0.208415
-0.209529
-0.211125
-0.213147
-0.215542
-0.218259
-0.221252
-0.224479
-0.227902
-0.231485
-0.235196
-0.23901
-0.242901
-0.246849
-0.250838
-0.254854
-0.258888
-0.262933
-0.266986
-0.271047
-0.27512
-0.279212
-0.283333
-0.287497
-0.291722
-0.296028
-0.30044
-0.304986
-0.309697
-0.314609
-0.319761
-0.325197
-0.330963
-0.337113
-0.3437
-0.350786
-0.358435
-0.366714
-0.375699
-0.385464
-0.396093
-0.40767
-0.420285
-0.434029
-0.448998
-0.465289
-0.483
-0.203056
-0.202027
-0.201727
-0.202086
-0.203038
-0.204517
-0.206461
-0.208812
-0.211513
-0.214514
-0.217768
-0.221229
-0.224859
-0.228622
-0.232487
-0.236426
-0.240414
-0.244431
-0.248461
-0.252489
-0.256505
-0.260504
-0.264482
-0.268438
-0.272376
-0.276303
-0.280229
-0.284166
-0.288132
-0.292146
-0.296232
-0.300417
-0.304731
-0.30921
-0.313891
-0.318816
-0.324031
-0.329588
-0.335539
-0.341945
-0.348869
-0.356378
-0.364545
-0.373447
-0.383164
-0.393783
-0.405393
-0.418086
-0.43196
-0.447112
-0.463644
-0.195556
-0.194977
-0.195122
-0.195918
-0.197293
-0.199181
-0.201514
-0.204232
-0.207276
-0.210595
-0.214138
-0.217861
-0.221723
-0.225689
-0.229727
-0.233807
-0.237907
-0.242005
-0.246084
-0.25013
-0.254135
-0.25809
-0.261992
-0.265842
-0.269641
-0.273396
-0.277117
-0.280815
-0.284508
-0.288214
-0.291955
-0.295758
-0.299652
-0.30367
-0.30785
-0.312233
-0.316862
-0.321788
-0.327063
-0.332745
-0.338897
-0.345585
-0.352882
-0.360862
-0.369609
-0.379207
-0.389748
-0.401324
-0.414034
-0.427978
-0.443259
-0.1875
-0.187422
-0.188063
-0.189345
-0.191193
-0.193534
-0.196299
-0.199424
-0.202849
-0.206519
-0.210383
-0.214395
-0.218516
-0.222707
-0.226936
-0.231175
-0.235401
-0.239591
-0.243729
-0.247801
-0.251798
-0.255712
-0.259539
-0.26328
-0.266936
-0.270513
-0.27402
-0.277469
-0.280875
-0.284256
-0.287635
-0.291035
-0.294486
-0.298019
-0.30167
-0.305478
-0.309488
-0.313746
-0.318304
-0.323219
-0.328552
-0.33437
-0.340742
-0.347746
-0.355463
-0.363978
-0.373383
-0.383774
-0.395251
-0.407916
-0.421875
-0.178889
-0.179367
-0.180558
-0.182379
-0.184749
-0.187591
-0.190833
-0.194407
-0.19825
-0.202307
-0.206524
-0.210855
-0.215258
-0.219696
-0.224138
-0.228553
-0.232918
-0.237213
-0.24142
-0.245525
-0.249519
-0.253394
-0.257147
-0.260776
-0.264285
-0.267678
-0.270963
-0.274152
-0.277259
-0.280301
-0.283299
-0.286278
-0.289263
-0.292285
-0.29538
-0.298584
-0.30194
-0.305494
-0.309297
-0.313403
-0.317872
-0.322769
-0.328165
-0.334135
-0.340761
-0.34813
-0.356334
-0.365471
-0.375643
-0.386956
-0.399519
-0.169722
-0.170815
-0.172614
-0.17503
-0.177976
-0.18137
-0.185135
-0.189202
-0.193504
-0.197982
-0.202585
-0.207263
-0.211975
-0.216684
-0.221357
-0.225965
-0.230485
-0.234895
-0.23918
-0.243326
-0.247321
-0.251161
-0.25484
-0.258357
-0.261715
-0.264917
-0.267973
-0.270892
-0.273687
-0.276376
-0.278978
-0.281515
-0.284013
-0.286502
-0.289014
-0.291585
-0.294256
-0.297071
-0.300079
-0.303334
-0.306893
-0.310822
-0.315189
-0.320069
-0.325544
-0.331702
-0.338637
-0.346448
-0.355242
-0.365127
-0.376218
-0.16
-0.161771
-0.164241
-0.167311
-0.17089
-0.174889
-0.179228
-0.183832
-0.188633
-0.193571
-0.198592
-0.203647
-0.208694
-0.213696
-0.21862
-0.223438
-0.228127
-0.232665
-0.237037
-0.24123
-0.245233
-0.249039
-0.252644
-0.256048
-0.259251
-0.262259
-0.265077
-0.267717
-0.27019
-0.272512
-0.274702
-0.27678
-0.278771
-0.280702
-0.282606
-0.284516
-0.286471
-0.288513
-0.29069
-0.293053
-0.295659
-0.298571
-0.301856
-0.305589
-0.309853
-0.314735
-0.320331
-0.326744
-0.334082
-0.342462
-0.352
-0.149722
-0.152241
-0.155448
-0.159238
-0.16351
-0.168171
-0.173135
-0.178324
-0.183667
-0.189102
-0.194575
-0.200036
-0.205444
-0.210761
-0.215956
-0.221001
-0.225872
-0.23055
-0.235019
-0.239265
-0.24328
-0.247056
-0.250589
-0.253878
-0.256924
-0.259732
-0.262306
-0.264658
-0.266797
-0.26874
-0.270502
-0.272104
-0.273569
-0.274922
-0.276194
-0.277416
-0.278625
-0.279862
-0.281171
-0.282603
-0.284213
-0.28606
-0.288211
-0.290742
-0.293732
-0.297272
-0.301458
-0.306396
-0.312201
-0.318991
-0.326894
-0.138889
-0.14223
-0.146248
-0.150827
-0.155859
-0.161242
-0.166885
-0.172707
-0.178635
-0.184606
-0.190564
-0.196462
-0.202256
-0.207911
-0.213396
-0.218683
-0.223751
-0.228579
-0.233154
-0.237461
-0.241493
-0.245241
-0.248703
-0.251877
-0.254763
-0.257365
-0.25969
-0.261745
-0.263542
-0.265093
-0.266414
-0.267524
-0.268444
-0.269199
-0.269816
-0.270324
-0.27076
-0.27116
-0.271568
-0.272031
-0.272601
-0.273337
-0.274304
-0.275575
-0.27723
-0.27936
-0.282062
-0.285448
-0.289634
-0.294749
-0.300926
-0.1275
-0.131747
-0.136656
-0.142101
-0.147962
-0.15413
-0.16051
-0.167015
-0.173572
-0.180117
-0.186595
-0.192958
-0.199164
-0.205179
-0.210972
-0.216518
-0.221795
-0.226785
-0.231474
-0.235849
-0.239902
-0.243625
-0.247017
-0.250074
-0.252798
-0.255192
-0.257261
-0.259012
-0.260456
-0.261605
-0.262472
-0.263076
-0.263435
-0.263572
-0.263512
-0.263284
-0.262919
-0.262453
-0.261926
-0.261383
-0.260874
-0.260454
-0.260186
-0.260141
-0.260399
-0.261049
-0.262193
-0.263942
-0.266422
-0.269768
-0.274125
-0.115556
-0.1208
-0.126691
-0.133084
-0.13985
-0.146871
-0.154045
-0.161285
-0.168516
-0.175675
-0.182705
-0.189561
-0.196204
-0.2026
-0.208719
-0.214539
-0.220038
-0.2252
-0.230011
-0.23446
-0.238538
-0.24224
-0.245562
-0.248503
-0.251062
-0.253244
-0.255052
-0.256493
-0.257576
-0.258312
-0.258714
-0.258797
-0.258579
-0.258081
-0.257325
-0.256338
-0.255148
-0.253788
-0.252296
-0.250713
-0.249084
-0.247464
-0.245912
-0.244497
-0.243295
-0.242397
-0.241903
-0.24193
-0.242609
-0.244086
-0.246519
-0.103056
-0.109402
-0.116373
-0.123807
-0.131558
-0.139502
-0.147533
-0.155561
-0.16351
-0.171319
-0.178934
-0.186312
-0.193415
-0.200211
-0.206674
-0.212781
-0.218514
-0.223858
-0.228799
-0.233327
-0.237436
-0.241119
-0.244372
-0.247196
-0.249589
-0.251555
-0.253097
-0.254221
-0.254936
-0.25525
-0.255176
-0.254727
-0.253919
-0.252769
-0.2513
-0.249533
-0.247495
-0.245216
-0.242729
-0.240073
-0.237289
-0.234428
-0.231545
-0.228704
-0.225981
-0.223463
-0.221251
-0.219465
-0.218242
-0.217741
-0.218134
-0.09
-0.0975686
-0.105732
-0.114306
-0.12313
-0.132072
-0.141021
-0.149888
-0.1586
-0.167096
-0.175328
-0.183253
-0.190838
-0.198053
-0.204875
-0.211283
-0.217261
-0.222794
-0.227872
-0.232486
-0.236628
-0.240294
-0.243481
-0.246187
-0.248413
-0.25016
-0.251432
-0.252234
-0.252574
-0.252459
-0.251899
-0.250906
-0.249494
-0.24768
-0.24548
-0.242915
-0.240009
-0.236787
-0.23328
-0.229521
-0.225548
-0.221406
-0.217147
-0.212829
-0.208524
-0.204316
-0.200303
-0.196608
-0.193374
-0.190773
-0.189
-0.0763889
-0.0853186
-0.0948029
-0.104628
-0.114619
-0.124634
-0.134564
-0.144322
-0.153838
-0.163056
-0.171932
-0.180429
-0.188515
-0.196167
-0.203362
-0.210082
-0.216315
-0.222047
-0.227268
-0.231971
-0.236151
-0.239802
-0.242923
-0.245511
-0.247568
-0.249094
-0.250093
-0.250569
-0.250527
-0.249975
-0.248922
-0.247376
-0.24535
-0.242857
-0.239913
-0.236535
-0.232742
-0.228557
-0.224006
-0.219117
-0.213924
-0.208467
-0.202789
-0.196946
-0.191001
-0.185032
-0.179135
-0.173431
-0.168067
-0.16323
-0.159144
-0.0622222
-0.0726803
-0.0836338
-0.0948333
-0.106087
-0.117254
-0.128225
-0.138922
-0.14928
-0.159252
-0.168799
-0.177888
-0.186494
-0.194596
-0.202177
-0.20922
-0.215716
-0.221652
-0.227023
-0.23182
-0.23604
-0.239678
-0.242734
-0.245204
-0.247091
-0.248394
-0.249117
-0.249262
-0.248835
-0.24784
-0.246286
-0.244179
-0.24153
-0.238349
-0.234648
-0.230442
-0.225747
-0.220581
-0.214966
-0.208924
-0.202485
-0.195679
-0.188547
-0.181133
-0.173494
-0.165698
-0.157834
-0.150016
-0.142394
-0.135167
-0.128593
-0.0475
-0.0596943
-0.0722906
-0.0849973
-0.0976145
-0.110006
-0.122075
-0.133754
-0.144989
-0.155742
-0.165981
-0.175681
-0.184822
-0.193387
-0.201363
-0.208738
-0.215503
-0.22165
-0.227174
-0.232069
-0.236332
-0.239959
-0.24295
-0.245303
-0.247018
-0.248097
-0.248541
-0.248353
-0.247536
-0.246094
-0.244033
-0.241359
-0.238078
-0.2342
-0.229733
-0.224689
-0.219079
-0.212918
-0.206221
-0.199008
-0.191299
-0.183119
-0.1745
-0.165477
-0.156095
-0.146412
-0.136502
-0.126466
-0.116447
-0.10665
-0.097375
-0.0322222
-0.0464253
-0.0608672
-0.0752202
-0.0892954
-0.102978
-0.116194
-0.128891
-0.141031
-0.152587
-0.163536
-0.173861
-0.183548
-0.192586
-0.200965
-0.208678
-0.215718
-0.222081
-0.227761
-0.232756
-0.237064
-0.240681
-0.243608
-0.245843
-0.247387
-0.24824
-0.248404
-0.24788
-0.24667
-0.244777
-0.242206
-0.238959
-0.235042
-0.23046
-0.22522
-0.219328
-0.212794
-0.205626
-0.197835
-0.189435
-0.180439
-0.170865
-0.160733
-0.15007
-0.138906
-0.127283
-0.115256
-0.102903
-0.0903446
-0.077772
-0.0655185
-0.0163889
-0.0329864
-0.0495019
-0.0656324
-0.0812457
-0.0962724
-0.11067
-0.124412
-0.137477
-0.149851
-0.161522
-0.172482
-0.182723
-0.192241
-0.201029
-0.209084
-0.216403
-0.222984
-0.228823
-0.23392
-0.238274
-0.241882
-0.244745
-0.246863
-0.248235
-0.248862
-0.248744
-0.247882
-0.246278
-0.243932
-0.240847
-0.237025
-0.232467
-0.227177
-0.221158
-0.214414
-0.206948
-0.198766
-0.189873
-0.180275
-0.16998
-0.158997
-0.147336
-0.13501
-0.122035
-0.108434
-0.0942359
-0.0794846
-0.0642518
-0.0486718
-0.0330509
-0
-0.0196
-0.0384
-0.0564
-0.0736
-0.09
-0.1056
-0.1204
-0.1344
-0.1476
-0.16
-0.1716
-0.1824
-0.1924
-0.2016
-0.21
-0.2176
-0.2244
-0.2304
-0.2356
-0.24
-0.2436
-0.2464
-0.2484
-0.2496
-0.25
-0.2496
-0.2484
-0.2464
-0.2436
-0.24
-0.2356
-0.2304
-0.2244
-0.2176
-0.21
-0.2016
-0.1924
-0.1824
-0.1716
-0.16
-0.1476
-0.1344
-0.1204
-0.1056
-0.09
-0.0736
-0.0564
-0.0384
-0.0196
-0
